153 0
128 1
127 2
243 3
120 4
244 5
116 6
42 7
152 8
166 9
41 10
74 11
194 12
24 13
151 14
238 15
239 16
143 17
142 18
43 19
75 20
236 21
263 22
262 23
237 24
141 25
140 26
202 27
50 28
246 29
48 30
68 31
163 32
230 33
161 34
100 35
186 36
164 37
90 38
234 39
162 40
229 41
233 42
170 43
137 44
107 45
224 46
158 47
249 48
113 49
114 50
79 51
4 52
125 53
211 54
144 55
148 56
232 57
231 58
45 59
209 60
13 61
261 62
87 63
12 64
88 65
104 66
103 67
105 68