153 127 0.8
153 128 0.9
127 128 0.55
127 120 1.4
127 243 0.9
128 243 1.05
120 243 0.8
120 244 0.55
120 116 1.45
120 42 1.8
243 244 1.1
244 116 1.0
42 116 0.75
42 152 0.75
42 166 1.25
42 41 1.02
42 74 1.25
116 152 0.75
152 166 0.75
152 41 0.95
166 41 0.55
166 24 0.6
74 194 0.95
74 41 0.8
74 75 0.75
41 166 0.65
41 75 1.0
41 24 0.75
41 43 1.65
75 194 1.2
75 43 1.25
75 236 0.9
75 263 0.8
75 262 0.95
236 43 0.55
236 263 0.33
236 237 0.8
236 141 0.83
263 262 0.33
263 141 0.9
263 140 0.8
262 140 0.75
262 202 0.92
24 151 0.25
24 43 1.4
151 238 0.5
151 43 1.05
238 239 0.55
238 43 0.65
239 143 0.7
239 142 0.75
239 43 0.6
143 50 0.8
143 48 0.95
143 142 0.35
142 50 0.9
142 48 0.8
142 163 0.6
142 43 1.2
43 163 1.45
237 43 1.0
237 163 0.8
237 162 1.0
237 141 0.35
237 229 0.87
141 162 1.0
141 229 0.8
141 140 0.3
140 229 0.75
140 202 0.33
50 246 0.9
50 48 0.36
48 246 0.9
48 68 0.95
48 100 0.6
48 230 0.3
48 163 0.65
163 230 0.38
163 161 0.5
163 162 0.6
230 100 0.5
230 161 0.4
230 164 0.8
161 162 0.3
161 100 0.62
161 164 0.75
161 170 0.7
162 170 0.76
162 229 0.35
162 233 0.53
229 233 0.5
229 202 0.85
246 158 1.3
246 68 0.4
100 68 0.71
100 186 0.45
100 164 0.47
68 158 1.05
68 249 1.1
68 90 0.55
68 186 0.35
186 90 0.45
186 234 0.55
186 164 0.4
164 234 0.55
164 107 0.72
164 170 0.4
170 107 0.77
170 137 0.55
170 233 0.5
170 234 0.85
233 137 0.7
234 249 0.75
234 113 0.54
234 79 0.95
234 107 0.45
107 113 0.56
107 79 0.67
107 224 0.5
107 137 0.5
224 79 0.6
224 4 0.6
158 125 0.65
158 249 0.3
249 125 0.55
249 114 0.5
249 113 0.45
113 114 0.35
113 79 0.6
114 125 0.55
114 211 0.33
114 144 0.45
114 148 0.65
114 79 0.6
79 144 0.72
79 148 0.6
79 232 0.8
79 4 0.5
4 148 0.8
4 232 0.65
125 231 0.6
125 211 0.35
211 231 0.5
211 144 0.3
144 231 0.65
144 45 0.55
144 148 0.3
148 45 0.65
148 232 0.5
232 45 0.85
231 13 0.58
231 261 0.59
231 209 0.56
231 45 0.55
45 209 0.35
13 12 0.6
13 261 0.25
261 12 0.45
261 88 0.44
261 87 0.35
261 209 0.5
209 87 0.25
87 88 0.3
12 88 0.2
12 104 1.4
12 103 1.8
12 105 1.0
88 105 1.05